-862.487114280501
-944.565523441086
-1010.27370382606
-1083.85112702344
-1160.44424703577
-1236.30153176177
-1308.63195937010
-1375.46476180686
-1435.51506222449
-1488.05868910579
-1532.81830906957
-1569.86208758099
-1599.51534327915
-1622.28508658408
-1638.79690508117
-1649.74335550207
-1655.84282441653
-1657.80770789687
-1656.32071701764
-1652.01812561557
-1645.47882574958
-1637.21813322197
-1627.68538069182
-1617.26444142717
-1606.27643630147
-1594.98398536522
-1583.59646957928
-1572.27586550992
-1561.14280427273
-1550.28258481583
-1539.75094037646
-1529.57941570025
-1519.78026178870
-1510.35079517996
-1501.27720087328
-1492.53778286576
-1484.10568480551
-1475.95111639538
-1468.04312978714
-1460.35099510648
-1452.84522619590
-1445.49830731798
-1438.28516951029
-1431.18346202103
-1424.17366019774
-1417.23904669206
-1410.36559815240
-1403.54180491504
-1396.75844673025
-1390.00834338403
-1383.28609527276
-1376.58782559806
-1369.91093289006
-1363.25386003666
-1356.61588387622
-1349.99692767558
-1343.39739742878
-1336.81804183740
-1330.25983503111
-1323.72388051748
-1317.21133447548
-1310.72334629262
-1304.26101415832
-1297.82535353828
-1291.41727644013
-1285.03757951920
-1278.68693924590
-1272.36591254920
-1266.07494155125
-1259.81436120823
-1253.58440886442
-1247.38523490589
-1241.21691386363
-1235.07945546176
-1228.97281523411
-1222.89690444079
-1216.85159910868
-1210.83674809377
-1204.85218012371
-1198.89770982521
-1192.97314277551
-1187.07827964206
-1181.21291949080
-1175.37686235264
-1169.56991114201
-1163.79187302043
-1158.04256029515
-1152.32179093628
-1146.62938878916
-1140.96518354998
-1135.32901056441
-1129.72071050011
-1124.14012893606
-1118.58711590378
-1113.06152540845
-1107.56321495179
-1102.09204507298
-1096.64787891928
-1091.23058185400
-1085.84002110627
-1080.47606546447
-1075.13858501325
-1069.82745091240
-1064.54253521489
-1059.28371072074
-1054.05085086268
-1048.84382961986
-1043.66252145538
-1038.50680127392
-1033.37654439583
-1028.27162654440
-1023.19192384337
-1018.13731282212
-1013.10767042637
-1008.10287403249
-1003.12280146388
-998.167331008403
-993.236341435632
-988.329712013458
-983.447322523415
-978.589053274440
-973.754785114854
-968.944399442504
-964.157778213041
-959.394803946409
-954.655359731688
-949.939329230395
-945.246596678441
-940.577046886886
-935.930565241697
-931.307037702637
-926.706350801477
-922.128391639637
-917.573047885413
-913.040207770871
-908.529760088537
-904.041594187912
-899.575599971947
-895.131667893459
-890.709688951583
-886.309554688253
-881.931157184762
-877.574389058392
-873.239143459145
-868.925314066555
-864.632795086597
-860.361481248697
-856.111267802807
-851.882050516576
-847.673725672585
-843.486190065642
-839.319341000147
-835.173076287498
-831.047294243533
-826.941893686027
-822.856773932202
-818.791834796281
-814.746976587050
-810.722100105444
-806.717106642151
-802.731897975228
-798.766376367733
-794.820444565353
-790.894005794069
-786.986963757799
-783.099222636073
-779.230687081701
-775.381262218462
-771.550853638791
-767.739367401471
-763.946710029356
-760.172788507074
-756.417510278758
-752.680783245782
-748.962515764502
-745.262616644014
-741.580995143916
-737.917560972082
-734.272224282451
-730.644895672815
-727.035486182634
-723.443907290845
-719.870070913698
-716.313889402584
-712.775275541892
-709.254142546863
-705.750404061465
-702.263974156271
-698.794767326349
-695.342698489171
-691.907682982515
-688.489636562400
-685.088475401009
-681.704116084637
-678.336475611648
-674.985471390435
-671.651021237398
-668.333043374920
-665.031456429371
-661.746179429108
-658.477131802488
-655.224233375897
-651.987404371780
-648.766565406684
-645.561637489310
-642.372542018583
-639.199200781714
-636.041535952292
-632.899470088368
-629.772926130561
-626.661827400162
-623.566097597262
-620.485660798870
-617.420441457060
-614.370364397115
-611.335354815684
-608.315338278947
-605.310240720788
-602.319988440981
-599.344508103380
-596.383726734122
-593.437571719840
-590.505970805878
-587.588852094517
-584.686144043218
-581.797775462864
-578.923675516017
-576.063773715174
-573.217999921044
-570.386284340827
-567.568557526502
-564.764750373122
-561.974794117120
-559.198620334625
-556.436160939782
-553.687348183081
-550.952114649699
-548.230393257841
-545.522117257100
-542.827220226817
-540.145636074456
-537.477299033977
-534.822143664226
-532.180104847331
-529.551117787110
-526.935118007469
-524.332041350830
-521.741823976558
-519.164402359387
-516.599713287875
-514.047693862839
-511.508281495825
-508.981413907567
-506.467029126460
-503.965065487042
-501.475461628477
-498.998156493054
-496.533089324694
-494.080199667450
-491.639427364032
-489.210712554325
-486.793995673929
-484.389217452693
-481.996318913262
-479.615241369631
-477.245926425704
-474.888315973866
-472.542352193554
-470.207977549841
-467.885134792025
-465.573766952221
-463.273817343974
-460.985229560855
-458.707947475087
-456.441915236166
-454.187077269491
-451.943378275003
-449.710763225824
-447.489177366912
-445.278566213718
-443.078875550846
-440.890051430729
-438.712040172297
-436.544788359673
-434.388242840851
-432.242350726400
-430.107059388163
-427.982316457968
-425.868069826345
-423.764267641245
-421.670858306769
-419.587790481905
-417.515013079268
-415.452475263844
-413.400126451748
-411.357916308977
-409.325794750182
-407.303711937439
-405.291618279023
-403.289464428193
-401.297201281985
-399.314779980001
-397.342151903218
-395.379268672794
-393.426082148876
-391.482544429425
-389.548607849041
-387.624224977790
-385.709348620045
-383.803931813327
-381.907927827152
-380.021290161888
-378.143972547611
-376.275928942972
-374.417113534068
-372.567480733319
-370.726985178348
-368.895581730868
-367.073225475581
-365.259871719067
-363.455475988697
-361.659994031537
-359.873381813262
-358.095595517079
-356.326591542652
-354.566326505031
-352.814757233590
-351.071840770968
-349.337534372012
-347.611795502732
-345.894581839261
-344.185851266808
-342.485561878636
-340.793671975022
-339.110140062247
-337.434924851569
-335.767985258214
-334.109280400368
-332.458769598177
-330.816412372742
-329.182168445134
-327.555997735404
-325.937860361598
-324.327716638779
-322.725527078057
-321.131252385616
-319.544853461757
-317.966291399930
-316.395527485786
-314.832523196227
-313.277240198461
-311.729640349058
-310.189685693020
-308.657338462848
-307.132561077616
-305.615316142047
-304.105566445600
-302.603274961553
-301.108404846100
-299.620919437442
-298.140782254893
-296.667956997979
-295.202407545557
-293.744097954917
-292.292992460912
-290.849055475074
-289.412251584744
-287.982545552202
-286.559902313804
-285.144286979120
-283.735664830082
-282.334001320129
-280.939262073360
-279.551412883696
-278.170419714032
-276.796248695411
-275.428866126190
-274.068238471210
-272.714332360978
-271.367114590850
-270.026552120211
-268.692612071668
-267.365261730244
-266.044468542576
-264.730200116115
-263.422424218331
-262.121108775924
-260.826221874038
-259.537731755477
-258.255606819928
-256.979815623180
-255.710326876364
-254.447109445173
-253.190132349108
-251.939364760713
-250.694776004822
-249.456335557804
-248.224013046816
-246.997778249060
-245.777601091035
-244.563451647808
-243.355300142276
-242.153116944432
-240.956872570646
-239.766537682937
-238.582083088254
-237.403479737761
-236.230698726125
-235.063711290804
-233.902488811347
-232.747002808685
-231.597224944440
-230.453127020225
-229.314680976955
-228.181858894155
-227.054632989281
-225.932975617035
-224.816859268688
-223.706256571401
-222.601140287564
-221.501483314117
-220.407258681891
-219.318439554948
-218.234999229917
-217.156911135345
-216.084148831040
-215.016686007429
-213.954496484907
-212.897554213196
-211.845833270709
-210.799307863913
-209.757952326694
-208.721741119731
-207.690648829866
-206.664650169486
-205.643719975897
-204.627833210710
-203.616964959227
-202.611090429828
-201.610184953367
-200.614223982562
-199.623183091396
-198.637037974518
-197.655764446646
-196.679338441974
-195.707736013581
-194.740933332845
-193.778906688858
-192.821632487846
-191.869087252587
-190.921247621839
-189.978090349763
-189.039592305358
-188.105730471889
-187.176481946325
-186.251823938776
-185.331733771937
-184.416188880526
-183.505166810737
-182.598645219686
-181.696601874863
-180.799014653587
-179.905861542465
-179.017120636850
-178.132770140306
-177.252788364069
-176.377153726520
-175.505844752656
-174.638840073557
-173.776118425870
-172.917658651280
-172.063439695999
-171.213440610242
-170.367640547717
-169.526018765115
-168.688554621598
-167.855227578296
-167.026017197799
-166.200903143661
-165.379865179898
-164.562883170492
-163.749937078898
-162.941006967553
-162.136072997383
-161.335115427323
-160.538114613829
-159.745051010395
-158.955905167076
-158.170657730013
-157.389289440951
-156.611781136775
-155.838113749035
-155.068268303480
-154.302225919592
-153.539967810124
-152.781475280639
-152.026729729050
-151.275712645164
-150.528405610232
-149.784790296492
-149.044848466721
-148.308561973792
-147.575912760222
-146.846882857734
-146.121454386813
-145.399609556273
-144.681330662812
-143.966600090588
-143.255400310779
-142.547713881157
-141.843523445658
-141.142811733958
-140.445561561050
-139.751755826820
-139.061377515630
-138.374409695898
-137.690835519689
-137.010638222292
-136.333801121817
-135.660307618784
-134.990141195712
-134.323285416719
-133.659723927117
-132.999440453009
-132.342418800892
-131.688642857262
-131.038096588213
-130.390764039048
-129.746629333887
-129.105676675278
-128.467890343808
-127.833254697718
-127.201754172520
-126.573373280616
-125.948096610917
-125.325908828464
-124.706794674055
-124.090738963868
-123.477726589090
-122.867742515544
-122.260771783326
-121.656799506430
-121.055810872392
-120.457791141919
-119.862725648531
-119.270599798201
-118.681399068997
-118.095109010728
-117.511715244582
-116.931203462785
-116.353559428240
-115.778768974183
-115.206818003834
-114.637692490051
-114.071378474987
-113.507862069748
-112.947129454051
-112.389166875885
-111.833960651174
-111.281497163445
-110.731762863486
-110.184744269023
-109.640427964382
-109.098800600164
-108.559848892915
-108.023559624804
-107.489919643296
-106.958915860828
-106.430535254492
-105.904764865712
-105.381591799930
-104.861003226286
-104.342986377304
-103.827528548581
-103.314617098475
-102.804239447792
-102.296383079481
-101.791035538326
-101.288184430639
-100.787817423958
-100.289922246742
-99.7944866880751
-99.3014985973611
-98.8109458840290
-98.3228165172354
-97.8370985255697
-97.3537799967607
-96.8728490773839
-96.3942939725713
-95.9181029457219
-95.4442643182139
-94.9727664691179
-94.5035978349127
-94.0367469092012
-93.5722022424282
-93.1099524415994
-92.6499861700029
-92.1922921469299
-91.7368591473991
-91.2836760018804
-90.8327315960223
-90.3840148703781
-89.9375148201347
-89.4932204948444
-89.0511209981538
-88.6112054875386
-88.1734631740363
-87.7378833219825
-87.3044552487478
-86.8731683244747
-86.4440119718174
-86.0169756656832
-85.5920489329732
-85.1692213523263
-84.7484825538629
-84.3298222189312
-83.9132300798540
-83.4986959196758
-83.0862095719146
-82.6757609203103
-82.2673398985775
-81.8609364901586
-81.4565407279785
-81.0541426941991
-80.6537325199774
-80.2553003852227
-79.8588365183551
-79.4643311960674
-79.0717747430858
-78.6811575319324
-78.2924699826895
-77.9057025627644
-77.5208457866561
-77.1378902157215
-76.7568264579452
-76.3776451677091
-76.0003370455617
-75.6248928379919
-75.2513033372010
-74.8795593808769
-74.5096518519700
-74.1415716784692
-73.7753098331789
-73.4108573334987
-73.0482052412024
-72.6873446622189
-72.3282667464140
-71.9709626873733
-71.6154237221870
-71.2616411312336
-70.9096062379672
-70.5593104087046
-70.2107450524126
-69.8639016204984
-69.5187716065994
-69.1753465463747
-68.8336180172977
-68.4935776384492
-68.1552170703119
-67.8185280145661
-67.4835022138862
-67.1501314517378
-66.8184075521768
-66.4883223796481
-66.1598678387869
-65.8330358742194
-65.5078184703657
-65.1842076512434
-64.8621954802712
-64.5417740600753
-64.2229355322950
-63.9056720773900
-63.5899759144490
-63.2758393009984
-62.9632545328129
-62.6522139437261
-62.3427099054430
-62.0347348273525
-61.7282811563411
-61.4233413766082
-61.1199080094817
-60.8179736132339
-60.5175307828998
-60.2185721500951
-59.9210903828354
-59.6250781853568
-59.3305282979364
-59.0374334967148
-58.7457865935186
-58.4555804356844
-58.1668079058828
-57.8794619219447
-57.5935354366869
-57.3090214377394
-57.0259129473737
-56.7442030223315
-56.4638847536543
-56.1849512665143
-55.9073957200453
-55.6312113071752
-55.3563912544595
-55.0829288219141
-54.8108173028511
-54.5400500237138
-54.2706203439128
-54.0025216556638
-53.7357473838249
-53.4702909857357
-53.2061459510568
-52.9433058016102
-52.6817640912200
-52.4215144055548
-52.1625503619701
-51.9048656093520
-51.6484538279612
-51.3933087292783
-51.1394240558490
-50.8867935811317
-50.6354111093433
-50.3852704753088
-50.1363655443087
-49.8886902119297
-49.6422384039145
-49.3970040760125
-49.1529812138321
-48.9101638326929
-48.6685459774791
-48.4281217224933
-48.1888851713113
-47.9508304566374
-47.7139517401606
-47.4782432124111
-47.2436990926185
-47.0103136285691
-46.7780810964656
-46.5469958007864
-46.3170520741461
-46.0882442771560
-45.8605667982865
-45.6340140537290
-45.4085804872592
-45.1842605701006
-44.9610488007890
-44.7389397050377
-44.5179278356034
-44.2980077721519
-44.0791741211258
-43.8614215156121
-43.6447446152106
-43.4291381059026
-43.2145966999211
-43.0011151356205
-42.7886881773484
-42.5773106153163
-42.3669772654723
-42.1576829693740
-41.9494225940619
-41.7421910319331
-41.5359832006169
-41.3307940428493
-41.1266185263497
-40.9234516436968
-40.7212884122065
-40.5201238738089
-40.3199530949274
-40.1207711663573
-39.9225732031456
-39.7253543444713
-39.5291097535255
-39.3338346173939
-39.1395241469376
-38.9461735766768
-38.7537781646727
-38.5623331924122
-38.3718339646917
-38.1822758095022
-37.9936540779145
-37.8059641439650
-37.6192014045429
-37.4333612792766
-37.2484392104221
-37.0644306627502
-36.8813311234364
-36.6991361019497
-36.5178411299420
-36.3374417611394
-36.1579335712327
-35.9793121577686
-35.8015731400426
-35.6247121589905
-35.4487248770823
-35.2736069782156
-35.0993541676093
-34.9259621716993
-34.7534267380323
-34.5817436351630
-34.4109086525489
-34.2409176004482
-34.0717663098162
-33.9034506322037
-33.7359664396551
-33.5693096246065
-33.4034760997859
-33.2384617981126
-33.0742626725972
-32.9108746962425
-32.7482938619451
-32.5865161823966
-32.4255376899860
-32.2653544367025
-32.1059624940388
-31.9473579528942
-31.7895369234793
-31.6324955352204
-31.4762299366645
-31.3207362953848
-31.1660107978870
-31.0120496495154
-30.8588490743603
-30.7064053151648
-30.5547146332331
-30.4037733083387
-30.2535776386331
-30.1041239405552
-29.9554085487406
-29.8074278159320
-29.6601781128898
-29.5136558283027
-29.3678573686998
-29.2227791583616
-29.0784176392330
-28.9347692708358
-28.7918305301818
-28.6495979116865
-28.5080679270833
-28.3672371053374
-28.2271019925614
-28.0876591519298
-27.9489051635956
-27.8108366246055
-27.6734501488173
-27.5367423668161
-27.4007099258324
-27.2653494896591
-27.1306577385704
-26.9966313692396
-26.8632670946592
-26.7305616440590
-26.5985117628269
-26.4671142124285
-26.3363657703281
-26.2062632299090
-26.0768034003958
-25.9479831067753
-25.8197991897190
-25.6922485055057
-25.5653279259443
-25.4390343382970
-25.3133646452029
-25.1883157646024
-25.0638846296612
-24.9400681886954
-24.8168634050962
-24.6942672572564
-24.5722767384950
-24.4508888569842
-24.3301006356762
-24.2099091122297
-24.0903113389377
-23.9713043826546
-23.8528853247249
-23.7350512609113
-23.6177993013234
-23.5011265703473
-23.3850302065743
-23.2695073627314
-23.1545552056113
-23.0401709160025
-22.9263516886208
-22.8130947320401
-22.7003972686240
-22.5882565344579
-22.4766697792806
-22.3656342664178
-22.2551472727141
-22.1452060884666
-22.0358080173587
-21.9269503763935
-21.8186304958280
-21.7108457191082
-21.6035934028034
-21.4968709165414
-21.3906756429442
-21.2850049775639
-21.1798563288185
-21.0752271179285
-20.9711147788536
-20.8675167582302
-20.7644305153078
-20.6618535218877
-20.5597832622605
-20.4582172331445
-20.3571529436242
-20.2565879150894
-20.1565196811742
-20.0569457876968
-19.9578637925991
-19.8592712658866
-19.7611657895694
-19.6635449576024
-19.5664063758264
-19.4697476619094
-19.3735664452883
-19.2778603671106
-19.1826270801767
-19.0878642488822
-18.9935695491605
-18.8997406684262
-18.8063753055179
-18.7134711706424
-18.6210259853177
-18.5290374823179
-18.4375034056171
-18.3464215103343
-18.2557895626783
-18.1656053398930
-18.0758666302025
-17.9865712327574
-17.8977169575805
-17.8093016255132
-17.7213230681618
-17.6337791278449
-17.5466676575398
-17.4599865208303
-17.3737335918540
-17.2879067552507
-17.2025039061098
-17.1175229499192
-17.0329618025137
-16.9488183900239
-16.8650906488254
-16.7817765254882
-16.6988739767265
-16.6163809693480
-16.5342954802048
-16.4526154961433
-16.3713390139549
-16.2904640403268
-16.2099885917935
-16.1299106946877
-16.0502283850921
-15.9709397087913
-15.8920427212236
-15.8135354874338
-15.7354160820252
-15.6576825891127
-15.5803331022757
-15.5033657245115
-15.4267785681885
-15.3505697550001
-15.2747374159187
-15.1992796911497
-15.1241947300859
-15.0494806912621
-14.9751357423102
-14.9011580599140
-14.8275458297644
-14.7542972465150
-14.6814105137382
-14.6088838438806
-14.5367154582194
-14.4649035868186
-14.3934464684860
-14.3223423507296
-14.2515894897147
-14.1811861502215
-14.1111306056019
-14.0414211377377
-13.9720560369982
-13.9030336021982
-13.8343521405567
-13.7660099676549
-13.6980054073951
-13.6303367919596
-13.5630024617698
-13.4960007654455
-13.4293300597641
-13.3629887096210
-13.2969750879887
-13.2312875758776
-13.1659245622957
-13.1008844442095
-13.0361656265044
-12.9717665219458
-12.9076855511402
-12.8439211424962
-12.7804717321861
-12.7173357641077
-12.6545116898459
-12.5919979686349
-12.5297930673202
-12.4678954603212
-12.4063036295937
-12.3450160645928
-12.2840312622356
-12.2233477268645
-12.1629639702107
-12.1028785113571
-12.0430898767028
-11.9835965999263
-11.9243972219498
-11.8654902909034
-11.8068743620895
-11.7485479979474
-11.6905097680179
-11.6327582489084
-11.5752920242578
-11.5181096847021
-11.4612098278394
-11.4045910581956
-11.3482519871907
-11.2921912331038
-11.2364074210403
-11.1808991828972
-11.1256651573301
-11.0707039897197
-11.0160143321387
-10.9615948433184
-10.9074441886162
-10.8535610399824
-10.7999440759281
-10.7465919814928
-10.6935034482115
-10.6406771740833
-10.5881118635393
-10.5358062274106
-10.4837589828970
-10.4319688535351
-10.3804345691677
-10.3291548659118
-10.2781284861282
-10.2273541783905
-10.1768306974544
-10.1265568042270
-10.0765312657368
-10.0267528551030
-9.97722035150575
-9.92793254015606
-9.87888821226603
-9.83008616501922
-9.78152520154115
-9.73320413086992
-9.68512176792709
-9.63727693348839
-9.58966845415513
-9.54229516232513
-9.49515589616426
-9.44824949957791
-9.40157482218255
-9.35513071927761
-9.30891605181743
-9.26292968638321
-9.21717049515529
-9.17163735588547
-9.12632915186951
-9.08124477191971
-9.03638311033770
-8.99174306688727
-8.94732354676741
-8.90312346058552
-8.85914172433053
-8.81537725934651
-8.77182899230612
-8.72849585518426
-8.68537678523191
-8.64247072495007
-8.59977662206380
-8.55729342949651
-8.51502010534414
-8.47295561284966
-8.43109892037771
-8.38944900138919
-8.34800483441616
-8.30676540303676
-8.26572969585025
-8.22489670645233
-8.18426543341031
-8.14383488023864
-8.10360405537440
-8.06357197215310
-8.02373764878429
-7.98410010832772
-7.94465837866915
-7.90541149249668
-7.86635848727694
-7.82749840523153
-7.78883029331347
-7.75035320318388
-7.71206619118873
-7.67396831833564
-7.63605865027091
-7.59833625725656
-7.56080021414754
-7.52344960036908
-7.48628349989404
-7.44930100122052
-7.41250119734944
-7.37588318576236
-7.33944606839926
-7.30318895163660
-7.26711094626536
-7.23121116746925
-7.19548873480303
-7.15994277217082
-7.12457240780475
-7.08937677424346
-7.05435500831089
-7.01950625109513
-6.98482964792729
-6.95032434836060
-6.91598950614949
-6.88182427922891
-6.84782782969361
-6.81399932377763
-6.78033793183384
-6.74684282831360
-6.71351319174648
-6.68034820472021
-6.64734705386048
-6.61450892981116
-6.58183302721428
-6.54931854469042
-6.51696468481899
-6.48477065411868
-6.45273566302800
-6.42085892588593
-6.38913966091264
-6.35757709019030
-6.32617043964405
-6.29491893902296
-6.26382182188118
-6.23287832555911
-6.20208769116475
-6.17144916355502
-6.14096199131729
-6.11062542675091
-6.08043872584890
-6.05040114827974
-6.02051195736912
-5.99077042008195
-5.96117580700436
-5.93172739232580
-5.90242445382125
-5.87326627283352
-5.84425213425559
-5.81538132651311
-5.78665314154690
-5.75806687479565
-5.72962182517860
-5.70131729507834
-5.67315259032371
-5.64512702017283
-5.61723989729603
-5.58949053775910
-5.56187826100651
-5.53440238984467
-5.50706225042538
-5.47985717222924
-5.45278648804924
-5.42584953397444
-5.39904564937358
-5.37237417687898
-5.34583446237036
-5.31942585495883
-5.29314770697092
-5.26699937393265
-5.24098021455379
-5.21508959071211
-5.18932686743772
-5.16369141289749
-5.13818259837960
-5.11279979827805
-5.08754239007737
-5.06240975433732
-5.03740127467775
-5.01251633776342
-4.98775433328902
-4.96311465396411
-4.93859669549833
-4.91419985658652
-4.88992353889402
-4.86576714704190
-4.84173008859246
-4.81781177403470
-4.79401161676974
-4.77032903309656
-4.74676344219768
-4.72331426612481
-4.69998092978478
-4.67676286092540
-4.65365949012142
-4.63067025076056
-4.60779457902963
-4.58503191390071
-4.56238169711736
-4.53984337318095
-4.51741638933703
-4.49510019556177
-4.47289424454852
-4.45079799169427
-4.42881089508642
-4.40693241548940
-4.38516201633153
-4.36349916369177
-4.34194332628668
-4.32049397545738
-4.29915058515659
-4.27791263193571
-4.25677959493200
-4.23575095585578
-4.21482619897778
-4.19400481111640
-4.17328628162521
-4.15267010238038
-4.13215576776824
-4.11174277467284
-4.09143062246364
-4.07121881298328
-4.05110685053525
-4.03109424187186
-4.01118049618203
-3.99136512507932
-3.97164764258994
-3.95202756514085
-3.93250441154781
-3.91307770300371
-3.89374696306674
-3.87451171764871
-3.85537149500348
-3.83632582571533
-3.81737424268747
-3.79851628113058
-3.77975147855143
-3.76107937474150
-3.74249951176575
-3.72401143395131
-3.70561468787636
-3.68730882235904
-3.66909338844629
-3.65096793940293
-3.63293203070065
-3.61498522000712
-3.59712706717517
-3.57935713423195
-3.56167498536821
-3.54408018692763
-3.52657230739615
-3.50915091739142
-3.49181558965224
-3.47456589902809
-3.45740142246871
-3.44032173901374
-3.42332642978236
-3.40641507796304
-3.38958726880332
-3.37284258959963
-3.35618062968716
-3.33960098042981
-3.32310323521014
-3.30668698941943
-3.29035184044771
-3.27409738767397
-3.25792323245623
-3.24182897812185
-3.22581422995774
-3.20987859520073
-3.19402168302789
-3.17824310454699
-3.16254247278693
-3.14691940268824
-3.13137351109370
-3.11590441673887
-3.10051174024278
-3.08519510409861
-3.06995413266443
-3.05478845215401
-3.03969769062762
-3.02468147798293
-3.00973944594594
-2.99487122806191
-2.98007645968643
-2.96535477797642
-2.95070582188128
-2.93612923213400
-2.92162465124234
-2.90719172348012
-2.89283009487844
-2.87853941321701
-2.86431932801556
-2.85016949052516
-2.83608955371972
-2.82207917228748
-2.80813800262253
-2.79426570281638
-2.78046193264960
-2.76672635358342
-2.75305862875150
-2.73945842295160
-2.72592540263739
-2.71245923591032
-2.69905959251136
-2.68572614381302
-2.67245856281123
-2.65925652411731
-2.64611970395004
-2.63304778012767
-2.62004043206005
-2.60709734074076
-2.59421818873926
-2.58140266019315
-2.56865044080040
-2.55596121781162
-2.54333468002244
-2.53077051776583
-2.51826842290452
-2.50582808882350
-2.49344921042237
-2.48113148410800
-2.46887460778698
-2.45667828085829
-2.44454220420586
-2.43246608019126
-2.42044961264643
-2.40849250686638
-2.39659446960194
-2.38475520905265
-2.37297443485952
-2.36125185809797
-2.34958719127070
-2.33798014830065
-2.32643044452401
-2.31493779668320
-2.30350192291996
-2.29212254276840
-2.28079937714815
-2.26953214835752
-2.25832058006665
-2.24716439731078
-2.23606332648347
-2.22501709532992
-2.21402543294027
-2.20308806974295
-2.19220473749811
-2.18137516929099
-2.17059909952542
-2.15987626391726
-2.14920639948796
-2.13858924455808
-2.12802453874091
-2.11751202293602
-2.10705143932297
-2.09664253135498
-2.08628504375258
-2.07597872249741
-2.06572331482597
-2.05551856922342
-2.04536423541739
-2.03526006437191
-2.02520580828120
-2.01520122056369
-2.00524605585593
-1.99534007000655
-1.98548302007031
-1.97567466430213
-1.96591476215116
-1.95620307425486
-1.94653936243318
-1.93692338968265
-1.92735492017064
-1.91783371922953
-1.90835955335095
-1.89893219018009
-1.88955139850998
-1.88021694827580
-1.87092861054928
-1.86168615753305
-1.85248936255507
-1.84333800006307
-1.83423184561902
-1.82517067589361
-1.81615426866080
-1.80718240279233
-1.79825485825234
-1.78937141609196
-1.78053185844392
-1.77173596851722
-1.76298353059183
-1.75427433001338
-1.74560815318789
-1.73698478757654
-1.72840402169047
-1.71986564508558
-1.71136944835737
-1.70291522313581
-1.69450276208020
-1.68613185887415
-1.67780230822045
-1.66951390583608
-1.66126644844717
-1.65305973378405
-1.64489356057625
-1.63676772854759
-1.62868203841127
-1.62063629186497
-1.61263029158597
-1.60466384122636
-1.59673674540818
-1.58884880971865
-1.58099984070538
-1.57318964587166
-1.56541803367172
-1.55768481350602
-1.54998979571660
-1.54233279158240
-1.53471361331467
-1.52713207405232
-1.51958798785738
-1.51208116971041
-1.50461143550598
-1.49717860204813
-1.48978248704592
-1.48242290910892
-1.47509968774275
-1.46781264334473
-1.46056159719938
-1.45334637147410
-1.44616678921479
-1.43902267434151
-1.43191385164414
-1.42484014677812
-1.41780138626016
-1.41079739746399
-1.40382800861610
-1.39689304879156
-1.38999234790982
-1.38312573673051
-1.37629304684935
-1.36949411069394
-1.36272876151974
-1.35599683340588
-1.34929816125120
-1.34263258077011
-1.33599992848860
-1.32940004174024
-1.32283275866217
-1.31629791819113
-1.30979536005953
-1.30332492479150
-1.29688645369901
-1.29047978887790
-1.28410477320413
-1.27776125032980
-1.27144906467940
-1.26516806144598
-1.25891808658732
-1.25269898682218
-1.24651060962654
-1.24035280322985
-1.23422541661131
-1.22812829949617
-1.22206130235204
-1.21602427638523
-1.21001707353709
-1.20403954648039
-1.19809154861569
-1.19217293406778
-1.18628355768206
-1.18042327502100
-1.17459194236059
-1.16878941668685
-1.16301555569226
-1.15727021777233
-1.15155326202207
-1.14586454823260
-1.14020393688766
-1.13457128916020
-1.12896646690899
-1.12338933267522
-1.11783974967912
-1.11231758181665
-1.10682269365608
-1.10135495043477
-1.09591421805576
-1.09050036308457
-1.08511325274588
-1.07975275492029
-1.07441873814105
-1.06911107159090
-1.06382962509878
-1.05857426913671
